American Standard Code for Information Interchange (ASCII)

Decimal		Binary		Octal		Hex		ASCII
 0 		00000000 	000		00		NUL						
 1 		00000001 	001		01		SOH						
 2 		00000010 	002		02		STX						
 3 		00000011 	003		03		ETX						
 4 		00000100 	004		04		EOT						
 5 		00000101 	005		05		ENQ						
 6 		00000110 	006		06		ACK						
 7 		00000111 	007		07		BEL						
 8 		00001000 	010		08		BS						
 9 		00001001 	011		09		HT						
10 		00001010 	012		0A		LF						
11 		00001011 	013		0B		VT						
12 		00001100 	014		0C		FF						
13 		00001101 	015		0D		CR						
14 		00001110 	016		0E		SO						
15 		00001111 	017		0F		SI						
16 		00010000 	020		10		DLE						
17 		00010001 	021		11		DC1						
18 		00010010 	022		12		DC2						
19 		00010011 	023		13		DC3						
20 		00010100 	024		14		DC4						
21 		00010101 	025		15		NAK						
22 		00010110 	026		16		SYN						
23 		00010111 	027		17		ETB						
24 		00011000 	030		18		CAN						
25 		00011001 	031		19		EM						
26 		00011010 	032		1A		SUB						
27 		00011011 	033		1B		ESC						
28 		00011100 	034		1C		FS						
29 		00011101 	035		1D		GS						
30 		00011110 	036		1E		RS						
31 		00011111 	037		1F		US
32		00100000	040		20		SP
33		00100001	041		21		!
34		00100010	042		22		“
35		00100011	043		23		#
36		00100100	044		24		$
37		00100101	045		25		%
38		00100110	046		26		&
39		00100111	047		27		‘
40		00101000	050		28		(
41		00101001	051		29		)
42		00101010	052		2A		*
43		00101011	053		2B		+
44		00101100	054		2C		,
45		00101101	055		2D		-
46		00101110	056		2E		.
47		00101111	057		2F		/
48		00110000	060		30		0
49		00110001	061		31		1
50		00110010	062		32		2
51		00110011	063		33		3
52		00110100	064		34		4
53		00110101	065		35		5
54		00110110	066		36		6
55		00110111	067		37		7
56		00111000	070		38		8
57		00111001	071		39		9
58		00111010	072		3A		:
59		00111011	073		3B		;
60		00111100	074		3C		<
61		00111101	075		3D		=
62		00111110	076		3E		>
63		00111111	077		3F		?
64		01000000 	100		40		@
65		01000001 	101		41		A
66		01000010 	102		42		B
67		01000011 	103		43		C
68		01000100 	104		44		D
69		01000101 	105		45		E
70		01000110 	106		46		F
71		01000111 	107		47		G
72		01001000 	110		48		H
73		01001001 	111		49		I
74		01001010 	112		4A		J
75		01001011 	113		4B		K
76		01001100 	114		4C		L
77		01001101 	115		4D		M
78		01001110 	116		4E		N
79		01001111 	117		4F		O
80		01010000 	120		50		P
81		01010001 	121		51		Q
82		01010010 	122		52		R
83		01010011 	123		53		S
84		01010100 	124		54		T
85		01010101 	125		55		U
86		01010110 	126		56		V
87		01010111 	127		57		W
88		01011000 	130		58		X
89		01011001 	131		59		Y
90		01011010 	132		5A		Z
91		01011011 	133		5B		[
92		01011100 	134		5C		\
93		01011101 	135		5D		]
94		01011110 	136		5E		^
95		01011111 	137		5F		_
96		01100000	140		60		`
97		01100001	141		61		a
98		01100010	142		62		b
99		01100011	143		63		c
100		01100100	144		64		d
101		01100101	145		65		e
102		01100110	146		66		f
103		01100111	147		67		g
104		01101000	150		68		h
105		01101001	151		69		i
106		01101010	152		6A		j
107		01101011	153		6B		k
108		01101100	154		6C		l
109		01101101	155		6D		m
110		01101110	156		6E		n
111		01101111	157		6F		o
112		01110000	160		70		p
113		01110001	161		71		q
114		01110010	162		72		r
115		01110011	163		73		s
116		01110100	164		74		t
117		01110101	165		75		u
118		01110110	166		76		v
119		01110111	167		77		w
120		01111000	170		78		x
121		01111001	171		79		y
122		01111010	172		7A		z
123		01111011	173		7B		{
124		01111100	174		7C		|
125		01111101	175		7D		}
126		01111110	176		7E		~
127		01111111	177		7F		DEL